IESNA:LM-63-1995
[TEST] LTL TEST NUMBER 06530
[DATE] 02-25-2002
[MANUFAC] CROUSE-HINDS                                                
[LUMCAT] CPMV2W042/UNV                                               
[LUMINAIRE] CAST ALUMINUM HOUSING, FORMED SEMI-SPECULAR ALUMINUM             
[MORE]      REFLECTOR, CLEAR PRISMATIC GLASS LENS.                           
[LAMP] ONE PHILIPS PL-T 42W/30/4P RATED AT 3200 LUMENS.                 
[BALLAST] ONE UNIVERSAL LIGHTING TECHNOLOGIES C2642UNVSE                   
[OTHER] MOUNTING: WALL                                              
TILT=NONE        
1     3200.   1.0  73   9   1   1      0.73      0.31      0.67
1.0  1.0   41.
0 2.5 5 7.5 10 12.5 15 17.5 20 22.5 25 27.5 30 32.5 35 37.5 40 42.5 45 47.5 50
 52.5 55 57.5 60 62.5 65 67.5 70 72.5 75 77.5 80 82.5 85 87.5 90 92.5 95 97.5
 100 102.5 105 107.5 110 112.5 115 117.5 120 122.5 125 127.5 130 132.5 135
 137.5 140 142.5 145 147.5 150 152.5 155 157.5 160 162.5 165 167.5 170 172.5
 175 177.5 180
0 22.5 45 67.5 90 112.5 135 157.5 180
133 138 150 166 179 186 203 224 240 254 270 283 294 305 311 328 343 360 374 386
 400 406 410 415 416 416 425 418 410 393 360 342 334 326 317 311 302 301 299
 279 253 242 229 213 197 179 158 138 113 91 73 64 59 55 49 48 39 37 32 27 22 19
 14 14 13 6 6 4 1 0 0 0 0
133 138 147 163 180 190 206 227 250 270 286 301 317 328 337 346 358 377 392 409
 430 445 455 456 454 451 458 460 454 438 413 396 384 376 358 343 328 317 310
 289 267 250 234 215 193 170 145 121 102 79 67 61 57 50 47 40 37 31 26 22 19 15
 15 11 6 6 4 0 0 0 0 0 0
133 139 146 159 175 193 209 223 241 263 283 299 312 321 326 337 336 344 350 353
 359 360 363 362 356 352 346 341 337 332 326 323 320 318 314 307 303 298 290
 275 260 241 220 196 172 145 118 100 83 72 64 57 55 48 46 40 35 31 24 22 21 15
 14 8 6 4 1 0 0 0 0 0 0
133 138 144 152 162 175 191 208 224 238 250 260 269 280 287 294 301 314 321 336
 351 363 376 382 389 395 397 401 400 398 392 385 376 365 354 340 328 312 291
 266 241 218 197 175 151 132 115 101 91 84 78 73 64 55 48 39 35 30 27 23 20 14
 9 7 3 2 0 0 0 0 0 0 0
133 138 139 147 152 159 168 175 183 192 199 205 211 217 220 228 230 236 236 239
 244 245 245 244 238 236 227 221 212 204 191 178 170 160 148 137 125 114 103 90
 75 62 52 44 36 30 25 23 22 17 14 14 15 13 10 8 8 6 6 6 6 6 4 2 1 0 0 0 0 0 0 0
 0
133 134 138 143 147 150 154 152 150 147 145 138 132 124 113 103 88 80 69 61 55
 48 42 39 38 34 30 30 30 28 25 22 22 22 21 18 16 13 15 13 15 14 13 11 9 8 7 7 6
 7 6 6 5 5 4 4 3 3 1 0 0 0 0 0 0 0 0 0 0 0 0 0 0
133 131 137 138 134 130 120 108 94 80 69 56 46 39 31 30 29 28 23 22 23 21 17 14
 15 13 9 8 6 7 6 6 6 5 5 4 4 2 3 2 2 1 0 0 0 0 0 0 0 0 0 0 0 0 0 0 0 0 0 0 0 0
 0 0 0 0 0 0 0 0 0 0 0
133 129 130 129 119 105 92 77 62 49 39 32 31 28 22 23 17 13 14 8 7 8 4 1 0 0 0
 0 0 0 0 0 0 0 0 0 0 0 0 0 0 0 0 0 0 0 0 0 0 0 0 0 0 0 0 0 0 0 0 0 0 0 0 0 0 0
 0 0 0 0 0 0 0
133 131 130 125 113 99 85 71 55 44 37 32 32 27 23 23 15 15 12 6 6 5 3 0 0 0 0 0
 0 0 0 0 0 0 0 0 0 0 0 0 0 0 0 0 0 0 0 0 0 0 0 0 0 0 0 0 0 0 0 0 0 0 0 0 0 0 0
 0 0 0 0 0 0
